5229
6976
6841
6913
6917
6952
6968
7026
5089
5209
7013
6836
7002
5293
4893
6929
4934
7029
4900
5284
6948
7011
6827
5040
5096
4945
5026
5274
6848
5072
5247
5059
5044
5208
6995
6946
5246
5254
6977
6988
4901
5255
6826
5259
4887
6890
5251
5094
5068
6856
6954
6993
7019
4879
6975
4885
5065
5291
6830
6852
4920
5276
7045
5069
4889
6964
6914
6966
7015
6956
5103
6908
5273
5203
4897
5281
6986
5248
5243
6998
4936
5136
6980
6950
5272
5144
4898
6938
5093
6937
5289
5055
6918
5077
5231
4914
5070
5133
5287
5048
7010
6840
5282
4895
5046
5183
5258
4957
5211
4874
4938
7004
6842
4937
5112
5201
4959
7006
5140
6909
4926
6984
4932
4930
6891
7016
5099
6961
7036
4899
5225
6990
6963
4928
5033
6949
6922
4906
6951
6992
5114
6911
5141
5115
6904
5050
6919
5101
4907
6942
5266
5097
5052
5218
6985
5057
6972
5202
5013
5038
5066
5019
6924
7041
5079
6825
5184
5199
5116
6939
4958
5262
6824
5105
5058
5075
5022
7038
6849
4949
5129
4950
5064
5142
4905
6855
6833
7044
6947
5027
5260
4884
6835
4943
5128
5104
5085
5222
4935
6843
7012
6943
6960
6987
6910
5283
4944
6945
4929
6850
6955
5290
5122
7023
6928
5278
5294
5106
7003
7024
5062
7018
5132
5020
5118
7037
6834
5245
5080
6971
6981
5015
5056
5053
5120
5285
5073
6965
6973
6994
5139
5100
5081
5232
5253
5224
5237
5204
7033
4908
5264
6969
5049
5051
4951
5207
6916
5226
7009
6979
6857
4948
5102
4955
4931
7014
6983
5134
4873
6930
5244
5014
5032
6844
6989
4894
7034
4882
7031
5228
4933
5268
5185
5113
4921
5271
5131
6934
4878
6845
7005
4875
4888
5213
5021
6899
4923
6962
4904
5269
5286
5025
5117
6838
5018
5086
4953
5212
4892
5060
6839
6940
5220
5098
5084
6905
5024
4909
5054
6978
5206
5238
5200
4918
6822
5135
4927
5239
6944
7028
5198
5016
5270
4890
5138
7007
6921
6854
6828
7040
5130
6893
6997
5240
4916
5095
5111
5230
5083
5078
6821
5039
6837
6974
4925
6925
6915
5041
6912
6970
5227
5082
5219
5137
5045
5242
5256
5119
5261
6967
5257
4956
6895
6853
6823
6936
5023
6935
4954
4896
6851
5277
5288
4877
6959
4922
6900
5267
4947
4919
4952
6953
6982
5210
6832
5223
6926
6831
5031
6642
5091
6920
6829
7032
5076
5280
4946
5217
7030
7039
4876
5090
5221
6897
5047
6894
5143
5279
5017
5241
7035
6898
7025
6941
6906
6847
6958
5197
5063
4939
4871
5071
4917
6927
6907
7022
5092
4924
