8493
8497
8498
8500
8502
8503
8504
8505
8506
8507
8509
8510
8509
8510
8511
8512
8513
8514
8515
8521
8522
8523
8524
8525
8526
8527
8528
8530
8531
8532
8533
8534
8535
8536
8536
8537
8538
8539
8540
8544
8545
8546
8547
8573
8574
8575
8579
8577
8578
8579
8580
8581
8583
8584
8585
8586
8587
8603
8604
8605
8606
8607
8608
8609
8610
8611
8612
8613
8614
8615
8616
8617
8618
8621
8622
8623
8624
8626
8627
8628
8630
8631
8632
8633
8634
8635
8636
8645
8646
8647
8648
8649
8650
8651
8652
8653
8657
8661
8662
8663
8664
8665
8666
8667
8668
8669
8670
8671
8672
8673
8674
8675
8676
8677
8678
8679
8681
8683
8684
8686
8687
8688
8689
8690
8691
8692
8693
8694
8695
8696
8697
8698
8699
8704
8705
8706
8707
8708
8709
8711
8712
8713
8714
8715
8716
8717
8718
8721
8722
8723
8724
8725
8726
8727
8728
8729
8730
8733
8734
8735
8736
8737
8738
8739
8740
8741
8742
8743
8744
8745
8746
8747
8748
8749
8750
8751
8752
8759
8760
8761
8762
8763
8764
8765
8766
8768
8769
8770
8771
8772
8773
8774
8781
8782
8783
8797
8798
8784
8785
8786
8787
8789
8799
8800
8801
8805
8808
8809
8806
8811
8812
8792
8793
8784
8795
8796
8802
8803
8804
8807
8813